16 32
8.52971 8.10672 4.16663 3.02567 9.5891 2.20167 7.79031 2.24287 6.23267 9.71517 6.92593 5.7803 1.87454 3.76315 1.64904 7.63375 9.36332 1.79241 1.14914 7.15226 8.40336 9.936 2.78204 5.50398 2.2783 2.47359 9.81268 3.0773 8.77746 8.68023 6.00085 9.34327
4.7308 5.83386 7.69335 9.21088 1.06757 5.67922 3.56951 5.41032 6.79299 6.11209 1.7037 8.931 4.79891 6.37742 3.099 7.04788 3.90872 9.55861 4.34599 5.96789 2.06543 3.63735 1.56664 6.6249 6.06897 6.90808 8.29624 1.6581 5.76766 7.02673 5.46086 5.10269
3.11219 5.47652 7.10941 4.82363 2.97623 5.72839 7.04981 2.22639 3.15091 3.88427 8.05344 2.27418 7.42006 9.0752 6.77706 1.34169 9.12134 8.40391 1.06455 6.93884 5.09967 2.70925 9.78082 1.83526 5.46031 9.93243 9.83163 3.61647 9.02576 9.36937 5.53722 6.20219
8.90545 2.58895 8.99994 8.35859 7.08167 2.29862 2.63262 5.7369 3.42064 7.93808 4.50502 7.46922 1.01236 4.28199 1.65508 7.84991 2.24809 5.8366 7.03113 1.13733 1.53807 3.30418 5.21586 6.00827 3.08252 5.90637 6.59029 7.68923 6.59166 8.83679 2.09262 9.304
7.37309 7.63292 2.23106 1.46583 7.68181 5.74596 6.50102 5.64269 4.7481 2.08631 5.87094 9.33009 6.38237 3.83099 8.48659 2.5623 3.56758 6.27085 2.25193 5.79293 4.94504 2.98144 6.44609 1.67376 8.59728 4.09604 9.02438 2.7683 7.03717 8.96423 4.77117 5.72674
8.8096 9.97555 2.95123 9.95303 1.60619 9.8319 3.61895 4.30149 2.31043 3.04791 9.24412 9.82806 1.86657 2.96002 7.80569 1.12635 4.38966 2.02725 3.01605 1.28977 4.41465 9.70583 9.82586 2.01709 2.69662 1.67348 9.86734 3.90405 3.46486 5.6935 9.99753 8.44539
3.54012 4.8901 9.58937 4.78271 6.21537 9.72506 1.73199 7.72768 7.31568 6.44829 2.9982 1.08982 4.3339 7.31431 2.92816 4.84478 3.0556 9.33311 7.89303 3.16959 9.57372 5.84869 7.4912 5.88083 9.10514 1.71688 2.1341 7.30085 9.50945 5.37269 9.97803 7.09073
6.92181 2.55736 2.85482 1.07443 5.40098 1.99924 4.36659 7.5909 2.00336 4.81869 2.78945 1.39937 6.18406 5.94455 1.9509 9.67672 4.93735 5.32078 6.73284 8.13007 5.57952 2.18738 5.35923 6.76278 4.57726 4.2114 6.12143 8.32069 5.33506 6.75591 1.69985 3.95019
5.3422 1.0629 8.7401 4.10401 3.58654 2.63591 1.83059 8.21769 2.64415 5.59709 6.55431 1.19611 2.34724 7.30799 8.75219 6.23762 4.43883 9.03015 7.66863 3.02429 7.12094 1.90585 5.12879 1.81768 8.89996 6.04727 6.40599 1.48094 9.63909 1.00302 4.93268 4.96783
1.22056 4.39955 8.51707 9.30345 7.72631 2.02149 7.21323 8.59096 5.54051 4.12708 3.51073 8.07651 8.28636 3.26847 4.99118 6.79931 2.99463 9.40617 1.11289 9.86294 4.4174 9.59487 4.27952 9.85635 3.89032 1.0217 5.84677 7.45631 7.64913 7.68154 8.2262 1.74297
4.0076 4.46574 1.73995 2.26017 9.30537 9.95001 2.38459 2.34916 5.02524 1.65947 1.15821 1.79186 5.99454 5.09555 4.10895 9.28971 9.0708 1.30103 4.76101 4.81182 8.22098 4.24958 5.07221 8.34568 5.39769 6.83831 7.58348 1.07663 5.12384 2.76391 4.91125 7.53212
3.1847 8.06662 6.24421 3.7192 2.34092 1.61965 9.9967 4.78793 2.4626 5.35044 7.27723 6.25135 6.99625 7.46538 6.32743 6.2931 2.16459 3.47282 9.58827 8.19379 4.81347 2.27363 5.5493 5.40922 9.30207 2.10663 6.03738 1.32878 1.35405 8.62941 2.10059 3.24732
4.26524 9.91293 4.14603 6.58095 1.38124 7.63759 3.48189 7.8587 6.24915 1.26258 2.92898 8.51955 7.34782 6.4601 7.64913 3.04956 4.80496 4.58577 6.85177 3.48711 1.00851 3.4753 8.5341 3.82632 9.51494 7.3426 4.9107 8.35557 7.16105 4.06281 2.68865 9.45753
1.79269 1.62212 4.84341 2.90234 5.50563 6.01459 6.05496 7.16874 4.81127 8.36518 5.45756 3.81698 5.63582 8.56844 8.85931 8.45692 1.55126 8.21027 6.08985 9.32762 6.15192 9.06998 3.63131 1.03269 6.97839 3.96805 8.18748 3.45579 8.89776 5.25678 5.34962 5.38725
6.34309 7.71889 9.01505 1.89679 7.3242 3.16904 9.71078 1.98193 2.60735 6.53343 5.48613 4.52123 2.97925 3.68459 6.523 8.0669 1.99484 5.82342 8.12238 7.50548 5.11917 3.67827 3.227 7.12067 9.6671 6.31178 2.13218 3.08499 4.44761 2.8084 4.54045 9.9176
8.52312 4.63192 8.6209 2.9331 1.97919 6.92621 2.22584 4.21882 2.12696 8.54866 2.92102 4.16581 3.02759 1.11014 1.98715 9.08948 4.75799 3.80792 5.04968 5.96927 3.31791 9.32899 6.48866 8.83844 5.58528 7.6082 9.29136 4.85467 3.22672 6.72268 8.49812 9.58608
e